Ant32 Data File V1.0
Date=21/03/2022
Time=09:49:05
Operator=Cyril
Title=irid
Remarks=Freq. = 1,621 GHz
ScanAxis=Theta
StepAxis=Phi : 90 deg
StepPosition=90
StepUnit=deg
FreqValue=1.621000
RecordIncrement=1
XyzImgAxis=0
XyzImgLabel=0
Abscissa=deg
Ordinate=dBi
Data#1
-180.00 -13.629
-179.00 -13.129
-178.00 -12.856
-177.00 -13.206
-176.00 -13.038
-175.00 -12.762
-174.00 -12.896
-173.00 -12.547
-172.00 -12.677
-171.00 -12.227
-170.00 -12.165
-169.00 -12.137
-168.00 -11.924
-167.00 -12.167
-166.00 -12.123
-165.00 -12.102
-164.00 -12.041
-163.00 -12.277
-162.00 -12.101
-161.00 -12.150
-160.00 -12.308
-159.00 -12.394
-158.00 -12.154
-157.00 -11.934
-156.00 -12.232
-155.00 -12.035
-154.00 -12.233
-153.00 -12.455
-152.00 -12.189
-151.00 -12.527
-150.00 -12.890
-149.00 -12.728
-148.00 -12.577
-147.00 -12.444
-146.00 -12.616
-145.00 -13.000
-144.00 -13.223
-143.00 -12.814
-142.00 -12.948
-141.00 -13.503
-140.00 -13.045
-139.00 -13.086
-138.00 -13.151
-137.00 -13.301
-136.00 -13.678
-135.00 -13.523
-134.00 -13.760
-133.00 -14.206
-132.00 -14.018
-131.00 -14.843
-130.00 -14.915
-129.00 -14.966
-128.00 -14.695
-127.00 -15.607
-126.00 -15.570
-125.00 -16.065
-124.00 -16.281
-123.00 -16.232
-122.00 -16.114
-121.00 -16.448
-120.00 -16.237
-119.00 -15.801
-118.00 -14.945
-117.00 -14.690
-116.00 -14.708
-115.00 -14.136
-114.00 -13.429
-113.00 -12.739
-112.00 -12.217
-111.00 -11.483
-110.00 -10.754
-109.00 -10.108
-108.00 -9.595
-107.00 -9.423
-106.00 -8.720
-105.00 -8.391
-104.00 -7.948
-103.00 -7.730
-102.00 -7.411
-101.00 -6.986
-100.00 -7.105
-99.00 -6.787
-98.00 -6.736
-97.00 -6.730
-96.00 -6.647
-95.00 -6.653
-94.00 -6.519
-93.00 -6.592
-92.00 -6.781
-91.00 -6.876
-90.00 -6.989
-89.00 -7.005
-88.00 -7.355
-87.00 -7.428
-86.00 -7.492
-85.00 -7.647
-84.00 -7.824
-83.00 -7.782
-82.00 -7.600
-81.00 -7.571
-80.00 -7.261
-79.00 -7.147
-78.00 -6.693
-77.00 -6.417
-76.00 -5.928
-75.00 -5.705
-74.00 -5.123
-73.00 -4.925
-72.00 -4.360
-71.00 -3.978
-70.00 -3.625
-69.00 -3.310
-68.00 -2.962
-67.00 -2.585
-66.00 -2.331
-65.00 -1.963
-64.00 -1.754
-63.00 -1.517
-62.00 -1.323
-61.00 -1.197
-60.00 -1.014
-59.00 -0.765
-58.00 -0.672
-57.00 -0.597
-56.00 -0.408
-55.00 -0.388
-54.00 -0.291
-53.00 -0.253
-52.00 -0.146
-51.00 -0.111
-50.00 -0.129
-49.00 -0.065
-48.00 0.008
-47.00 0.007
-46.00 0.076
-45.00 0.121
-44.00 0.004
-43.00 0.113
-42.00 0.125
-41.00 0.149
-40.00 0.082
-39.00 0.099
-38.00 0.111
-37.00 0.239
-36.00 0.195
-35.00 0.174
-34.00 0.160
-33.00 0.131
-32.00 0.112
-31.00 0.148
-30.00 0.147
-29.00 0.102
-28.00 0.100
-27.00 0.060
-26.00 0.072
-25.00 -0.002
-24.00 -0.048
-23.00 -0.081
-22.00 -0.136
-21.00 -0.135
-20.00 -0.153
-19.00 -0.180
-18.00 -0.099
-17.00 -0.233
-16.00 -0.188
-15.00 -0.246
-14.00 -0.192
-13.00 -0.200
-12.00 -0.288
-11.00 -0.313
-10.00 -0.256
-9.00 -0.246
-8.00 -0.251
-7.00 -0.247
-6.00 -0.320
-5.00 -0.264
-4.00 -0.368
-3.00 -0.247
-2.00 -0.231
-1.00 -0.262
0.00 -0.229
1.00 -0.237
2.00 -0.236
3.00 -0.181
4.00 -0.140
5.00 -0.187
6.00 -0.123
7.00 -0.150
8.00 -0.084
9.00 -0.115
10.00 -0.029
11.00 -0.092
12.00 -0.042
13.00 -0.075
14.00 -0.018
15.00 -0.020
16.00 0.008
17.00 0.103
18.00 0.114
19.00 0.161
20.00 0.182
21.00 0.211
22.00 0.256
23.00 0.289
24.00 0.290
25.00 0.320
26.00 0.329
27.00 0.366
28.00 0.433
29.00 0.377
30.00 0.363
31.00 0.299
32.00 0.394
33.00 0.406
34.00 0.283
35.00 0.284
36.00 0.222
37.00 0.189
38.00 0.139
39.00 0.100
40.00 -0.021
41.00 -0.114
42.00 -0.071
43.00 -0.185
44.00 -0.162
45.00 -0.265
46.00 -0.405
47.00 -0.374
48.00 -0.511
49.00 -0.565
50.00 -0.588
51.00 -0.700
52.00 -0.707
53.00 -0.795
54.00 -0.852
55.00 -0.883
56.00 -0.877
57.00 -1.032
58.00 -1.099
59.00 -1.096
60.00 -1.143
61.00 -1.164
62.00 -1.174
63.00 -1.282
64.00 -1.262
65.00 -1.370
66.00 -1.394
67.00 -1.423
68.00 -1.452
69.00 -1.517
70.00 -1.593
71.00 -1.656
72.00 -1.733
73.00 -1.806
74.00 -1.838
75.00 -2.009
76.00 -2.154
77.00 -2.233
78.00 -2.353
79.00 -2.529
80.00 -2.703
81.00 -2.829
82.00 -3.014
83.00 -3.283
84.00 -3.495
85.00 -3.665
86.00 -3.852
87.00 -4.094
88.00 -4.261
89.00 -4.434
90.00 -4.719
91.00 -4.876
92.00 -5.189
93.00 -5.262
94.00 -5.487
95.00 -5.617
96.00 -5.806
97.00 -5.973
98.00 -6.060
99.00 -6.328
100.00 -6.375
101.00 -6.475
102.00 -6.674
103.00 -6.721
104.00 -6.679
105.00 -6.662
106.00 -6.518
107.00 -6.864
108.00 -6.877
109.00 -6.941
110.00 -6.786
111.00 -7.056
112.00 -7.079
113.00 -7.059
114.00 -7.125
115.00 -7.158
116.00 -7.310
117.00 -7.725
118.00 -7.770
119.00 -7.753
120.00 -8.216
121.00 -8.585
122.00 -8.512
123.00 -8.925
124.00 -9.200
125.00 -9.561
126.00 -9.775
127.00 -10.331
128.00 -10.393
129.00 -10.846
130.00 -11.248
131.00 -11.832
132.00 -11.841
133.00 -12.411
134.00 -12.818
135.00 -13.487
136.00 -13.593
137.00 -14.381
138.00 -14.493
139.00 -14.588
140.00 -15.137
141.00 -15.045
142.00 -15.437
143.00 -15.564
144.00 -15.819
145.00 -15.764
146.00 -15.471
147.00 -15.357
148.00 -15.184
149.00 -14.877
150.00 -15.059
151.00 -14.955
152.00 -14.523
153.00 -14.785
154.00 -14.672
155.00 -14.330
156.00 -14.287
157.00 -14.297
158.00 -14.410
159.00 -14.713
160.00 -14.523
161.00 -14.234
162.00 -14.607
163.00 -14.453
164.00 -14.550
165.00 -14.445
166.00 -14.079
167.00 -14.230
168.00 -14.457
169.00 -14.415
170.00 -14.151
171.00 -14.266
172.00 -14.229
173.00 -14.345
174.00 -14.147
175.00 -14.156
176.00 -13.796
177.00 -14.198
178.00 -13.774
179.00 -13.596
180.00 -13.619